This file was created by CODIAN@move
Mittwoch, 31. Mai 2023		21:34

Profile mode:	1-D-Scan    Z
Timebase Counter [ms]:	1000
No. of Steps:	444
Pos. X	Pos.Y	Pos. Z	Probe	Reference	norm. Probe	norm. Factor
53.00	52.50	91.30	154700	25160000	154700	1.00000
53.00	52.50	91.20	154800	25160000	154800	1.00000
53.00	52.50	91.10	154700	25160000	154700	1.00000
53.00	52.50	91.00	155000	25150000	155062	1.00040
53.00	52.50	90.90	155500	25200000	155253	0.99841
53.00	52.50	90.80	155400	25170000	155338	0.99960
53.00	52.50	90.70	155500	25160000	155500	1.00000
53.00	52.50	90.60	155600	25180000	155476	0.99921
53.00	52.50	90.50	155600	25160000	155600	1.00000
53.00	52.50	90.40	155500	25170000	155438	0.99960
53.00	52.50	90.30	155600	25170000	155538	0.99960
53.00	52.50	90.20	155100	25090000	155533	1.00279
53.00	52.50	90.10	155100	25120000	155347	1.00159
53.00	52.50	90.00	154900	25130000	155085	1.00119
53.00	52.50	89.90	154800	25140000	154923	1.00080
53.00	52.50	89.80	154100	25060000	154715	1.00399
53.00	52.50	89.70	154200	25090000	154630	1.00279
53.00	52.50	89.60	154800	25230000	154371	0.99723
53.00	52.50	89.50	154900	25230000	154470	0.99723
53.00	52.50	89.40	154400	25170000	154339	0.99960
53.00	52.50	89.30	154400	25170000	154339	0.99960
53.00	52.50	89.20	153700	25100000	154067	1.00239
53.00	52.50	89.10	154000	25130000	154184	1.00119
53.00	52.50	89.00	153800	25100000	154168	1.00239
53.00	52.50	88.90	153900	25090000	154329	1.00279
53.00	52.50	88.80	154500	25170000	154439	0.99960
53.00	52.50	88.70	154600	25190000	154416	0.99881
53.00	52.50	88.60	154700	25190000	154516	0.99881
53.00	52.50	88.50	154800	25180000	154677	0.99921
53.00	52.50	88.40	154800	25160000	154800	1.00000
53.00	52.50	88.30	154700	25140000	154823	1.00080
53.00	52.50	88.20	155200	25190000	155015	0.99881
53.00	52.50	88.10	155100	25160000	155100	1.00000
53.00	52.50	88.00	155400	25200000	155153	0.99841
53.00	52.50	87.90	155600	25200000	155353	0.99841
53.00	52.50	87.80	155700	25180000	155576	0.99921
53.00	52.50	87.70	155600	25150000	155662	1.00040
53.00	52.50	87.60	155700	25160000	155700	1.00000
53.00	52.50	87.50	156200	25180000	156076	0.99921
53.00	52.50	87.40	155700	25090000	156134	1.00279
53.00	52.50	87.30	156300	25160000	156300	1.00000
53.00	52.50	87.20	156700	25180000	156576	0.99921
53.00	52.50	87.10	156600	25160000	156600	1.00000
53.00	52.50	87.00	156800	25180000	156675	0.99921
53.00	52.50	86.90	156900	25170000	156838	0.99960
53.00	52.50	86.80	157500	25250000	156939	0.99644
53.00	52.50	86.70	157700	25240000	157200	0.99683
53.00	52.50	86.60	157600	25190000	157412	0.99881
53.00	52.50	86.50	157500	25170000	157437	0.99960
53.00	52.50	86.40	157400	25130000	157588	1.00119
53.00	52.50	86.30	157500	25110000	157814	1.00199
53.00	52.50	86.20	157900	25160000	157900	1.00000
53.00	52.50	86.10	158100	25140000	158226	1.00080
53.00	52.50	86.00	158500	25180000	158374	0.99921
53.00	52.50	85.89	158400	25160000	158400	1.00000
53.00	52.50	85.80	158600	25130000	158789	1.00119
53.00	52.50	85.70	158900	25160000	158900	1.00000
53.00	52.50	85.60	158400	25100000	158779	1.00239
53.00	52.50	85.50	158900	25150000	158963	1.00040
53.00	52.50	85.40	159200	25170000	159137	0.99960
53.00	52.50	85.30	159300	25140000	159427	1.00080
53.00	52.50	85.20	160300	25250000	159729	0.99644
53.00	52.50	85.10	159900	25200000	159646	0.99841
53.00	52.50	85.00	160100	25190000	159909	0.99881
53.00	52.50	84.90	160100	25160000	160100	1.00000
53.00	52.50	84.80	160500	25200000	160245	0.99841
53.00	52.50	84.70	160800	25210000	160481	0.99802
53.00	52.50	84.60	161000	25230000	160553	0.99723
53.00	52.50	84.50	160700	25150000	160764	1.00040
53.00	52.50	84.40	160900	25150000	160964	1.00040
53.00	52.50	84.30	161100	25170000	161036	0.99960
53.00	52.50	84.20	161300	25170000	161236	0.99960
53.00	52.50	84.10	161300	25140000	161428	1.00080
53.00	52.50	84.00	161400	25130000	161593	1.00119
53.00	52.50	83.90	161700	25140000	161829	1.00080
53.00	52.50	83.80	162400	25220000	162014	0.99762
53.00	52.50	83.70	162100	25170000	162036	0.99960
53.00	52.50	83.60	162300	25170000	162236	0.99960
53.00	52.50	83.50	162400	25160000	162400	1.00000
53.00	52.50	83.40	162900	25200000	162641	0.99841
53.00	52.50	83.30	162500	25120000	162759	1.00159
53.00	52.50	83.20	163100	25190000	162906	0.99881
53.00	52.50	83.10	163000	25130000	163195	1.00119
53.00	52.50	83.00	163400	25170000	163335	0.99960
53.00	52.50	82.90	163100	25110000	163425	1.00199
53.00	52.50	82.80	163600	25140000	163730	1.00080
53.00	52.50	82.70	163700	25140000	163830	1.00080
53.00	52.50	82.60	163900	25150000	163965	1.00040
53.00	52.50	82.50	164200	25160000	164200	1.00000
53.00	52.50	82.40	164400	25170000	164335	0.99960
53.00	52.50	82.30	164500	25140000	164631	1.00080
53.00	52.50	82.20	164600	25120000	164862	1.00159
53.00	52.50	82.10	164700	25130000	164897	1.00119
53.00	52.50	82.00	164800	25140000	164931	1.00080
53.00	52.50	81.90	165100	25160000	165100	1.00000
53.00	52.50	81.80	165600	25170000	165534	0.99960
53.00	52.50	81.70	165800	25170000	165734	0.99960
53.00	52.50	81.60	165200	25080000	165727	1.00319
53.00	52.50	81.50	165700	25120000	165964	1.00159
53.00	52.50	81.40	166000	25120000	166264	1.00159
53.00	52.50	81.30	166400	25160000	166400	1.00000
53.00	52.50	81.20	166600	25170000	166534	0.99960
53.00	52.50	81.10	166600	25150000	166666	1.00040
53.00	52.50	81.00	166900	25160000	166900	1.00000
53.00	52.50	80.90	167800	25240000	167268	0.99683
53.00	52.50	80.80	167700	25180000	167567	0.99921
53.00	52.50	80.70	167400	25140000	167533	1.00080
53.00	52.50	80.60	167400	25130000	167600	1.00119
53.00	52.50	80.50	167900	25150000	167967	1.00040
53.00	52.50	80.40	168300	25180000	168166	0.99921
53.00	52.50	80.30	168300	25150000	168367	1.00040
53.00	52.50	80.20	168800	25190000	168599	0.99881
53.00	52.50	80.10	168500	25130000	168701	1.00119
53.00	52.50	80.00	169100	25170000	169033	0.99960
53.00	52.50	79.90	169100	25150000	169167	1.00040
53.00	52.50	79.80	169300	25140000	169435	1.00080
53.00	52.50	79.70	169200	25100000	169604	1.00239
53.00	52.50	79.60	169800	25150000	169868	1.00040
53.00	52.50	79.50	170200	25190000	169997	0.99881
53.00	52.50	79.40	169900	25110000	170238	1.00199
53.00	52.50	79.30	170500	25150000	170568	1.00040
53.00	52.50	79.20	170500	25140000	170636	1.00080
53.00	52.50	79.10	170600	25140000	170736	1.00080
53.00	52.50	79.00	171000	25150000	171068	1.00040
53.00	52.50	78.90	171400	25170000	171332	0.99960
53.00	52.50	78.80	171200	25110000	171541	1.00199
53.00	52.50	78.70	170700	25020000	171655	1.00560
53.00	52.50	78.60	171600	25140000	171737	1.00080
53.00	52.50	78.50	172200	25160000	172200	1.00000
53.00	52.50	78.40	172200	25120000	172474	1.00159
53.00	52.50	78.30	172000	25070000	172617	1.00359
53.00	52.50	78.20	173000	25210000	172657	0.99802
53.00	52.50	78.10	173100	25190000	172894	0.99881
53.00	52.50	78.00	173800	25250000	173181	0.99644
53.00	52.50	77.90	173600	25180000	173462	0.99921
53.00	52.50	77.80	174200	25240000	173648	0.99683
53.00	52.50	77.70	174000	25180000	173862	0.99921
53.00	52.50	77.60	173800	25140000	173938	1.00080
53.00	52.50	77.50	174300	25160000	174300	1.00000
53.00	52.50	77.40	174500	25170000	174431	0.99960
53.00	52.50	77.30	174900	25170000	174831	0.99960
53.00	52.50	77.20	175200	25180000	175061	0.99921
53.00	52.50	77.10	175300	25190000	175091	0.99881
53.00	52.50	77.00	175500	25190000	175291	0.99881
53.00	52.50	76.90	175700	25160000	175700	1.00000
53.00	52.50	76.80	175700	25120000	175980	1.00159
53.00	52.50	76.70	176200	25160000	176200	1.00000
53.00	52.50	76.60	176700	25220000	176280	0.99762
53.00	52.50	76.50	176700	25180000	176560	0.99921
53.00	52.50	76.40	176400	25090000	176892	1.00279
53.00	52.50	76.30	177100	25140000	177241	1.00080
53.00	52.50	76.20	177200	25140000	177341	1.00080
53.00	52.50	76.10	177500	25160000	177500	1.00000
53.00	52.50	76.00	177600	25120000	177883	1.00159
53.00	52.50	75.90	177900	25130000	178112	1.00119
53.00	52.50	75.80	178200	25130000	178413	1.00119
53.00	52.50	75.70	178400	25170000	178329	0.99960
53.00	52.50	75.60	178800	25150000	178871	1.00040
53.00	52.50	75.50	179000	25140000	179142	1.00080
53.00	52.50	75.40	179500	25170000	179429	0.99960
53.00	52.50	75.30	179300	25120000	179586	1.00159
53.00	52.50	75.20	179700	25140000	179843	1.00080
53.00	52.50	75.10	180700	25260000	179985	0.99604
53.00	52.50	75.00	180800	25210000	180441	0.99802
53.00	52.50	74.90	180700	25180000	180556	0.99921
53.00	52.50	74.80	180900	25170000	180828	0.99960
53.00	52.50	74.70	181300	25180000	181156	0.99921
53.00	52.50	74.60	181600	25190000	181384	0.99881
53.00	52.50	74.50	181800	25160000	181800	1.00000
53.00	52.50	74.40	182100	25150000	182172	1.00040
53.00	52.50	74.30	182700	25210000	182338	0.99802
53.00	52.50	74.20	182600	25160000	182600	1.00000
53.00	52.50	74.10	182700	25130000	182918	1.00119
53.00	52.50	74.00	183000	25140000	183146	1.00080
53.00	52.50	73.90	183300	25140000	183446	1.00080
53.00	52.50	73.80	183900	25170000	183827	0.99960
53.00	52.50	73.70	183800	25150000	183873	1.00040
53.00	52.50	73.60	184300	25150000	184373	1.00040
53.00	52.50	73.50	184700	25170000	184627	0.99960
53.00	52.50	73.40	184800	25130000	185021	1.00119
53.00	52.50	73.30	185200	25180000	185053	0.99921
53.00	52.50	73.20	185300	25160000	185300	1.00000
53.00	52.50	73.10	185600	25160000	185600	1.00000
53.00	52.50	73.00	185700	25120000	185996	1.00159
53.00	52.50	72.90	185400	25040000	186288	1.00479
53.00	52.50	72.80	186200	25130000	186422	1.00119
53.00	52.50	72.70	186700	25120000	186997	1.00159
53.00	52.50	72.60	187000	25140000	187149	1.00080
53.00	52.50	72.50	187600	25170000	187525	0.99960
53.00	52.50	72.40	187300	25080000	187897	1.00319
53.00	52.50	72.30	188100	25190000	187876	0.99881
53.00	52.50	72.20	188500	25180000	188350	0.99921
53.00	52.50	72.10	188500	25150000	188575	1.00040
53.00	52.50	72.00	188800	25150000	188875	1.00040
53.00	52.50	71.90	189200	25160000	189200	1.00000
53.00	52.50	71.80	189300	25120000	189601	1.00159
53.00	52.50	71.70	189400	25110000	189777	1.00199
53.00	52.50	71.60	190200	25170000	190124	0.99960
53.00	52.50	71.50	190700	25170000	190624	0.99960
53.00	52.50	71.40	191600	25240000	190993	0.99683
53.00	52.50	71.30	191200	25160000	191200	1.00000
53.00	52.50	71.20	192100	25210000	191719	0.99802
53.00	52.50	71.10	192400	25210000	192018	0.99802
53.00	52.50	71.00	192600	25190000	192371	0.99881
53.00	52.50	70.90	192500	25150000	192577	1.00040
53.00	52.50	70.80	193300	25210000	192917	0.99802
53.00	52.50	70.70	192500	25080000	193114	1.00319
53.00	52.50	70.60	193800	25180000	193646	0.99921
53.00	52.50	70.50	193700	25140000	193854	1.00080
53.00	52.50	70.40	194300	25170000	194223	0.99960
53.00	52.50	70.30	194600	25140000	194755	1.00080
53.00	52.50	70.20	194900	25130000	195133	1.00119
53.00	52.50	70.10	194900	25080000	195522	1.00319
53.00	52.50	70.00	195600	25120000	195911	1.00159
53.00	52.50	69.90	196000	25150000	196078	1.00040
53.00	52.50	69.80	196400	25150000	196478	1.00040
53.00	52.50	69.70	196900	25160000	196900	1.00000
53.00	52.50	69.60	197100	25140000	197257	1.00080
53.00	52.50	69.50	197600	25150000	197679	1.00040
53.00	52.50	69.40	198900	25270000	198034	0.99565
53.00	52.50	69.30	198700	25170000	198621	0.99960
53.00	52.50	69.20	198700	25150000	198779	1.00040
53.00	52.50	69.10	199300	25190000	199063	0.99881
53.00	52.50	69.00	199500	25160000	199500	1.00000
53.00	52.50	68.90	199700	25140000	199859	1.00080
53.00	52.50	68.80	200600	25170000	200520	0.99960
53.00	52.50	68.70	200700	25150000	200780	1.00040
53.00	52.50	68.60	200700	25090000	201260	1.00279
53.00	52.50	68.50	201500	25130000	201741	1.00119
53.00	52.50	68.40	202000	25140000	202161	1.00080
53.00	52.50	68.30	202400	25150000	202480	1.00040
53.00	52.50	68.20	202400	25090000	202965	1.00279
53.00	52.50	68.10	203200	25130000	203443	1.00119
53.00	52.50	68.00	203700	25150000	203781	1.00040
53.00	52.50	67.90	204100	25140000	204262	1.00080
53.00	52.50	67.80	204500	25160000	204500	1.00000
53.00	52.50	67.70	205500	25210000	205092	0.99802
53.00	52.50	67.60	205600	25170000	205518	0.99960
53.00	52.50	67.50	206500	25220000	206009	0.99762
53.00	52.50	67.40	206300	25140000	206464	1.00080
53.00	52.50	67.30	207000	25190000	206753	0.99881
53.00	52.50	67.20	207000	25130000	207247	1.00119
53.00	52.50	67.10	207700	25150000	207783	1.00040
53.00	52.50	67.00	208100	25150000	208183	1.00040
53.00	52.50	66.90	208500	25140000	208666	1.00080
53.00	52.50	66.80	208800	25110000	209216	1.00199
53.00	52.50	66.70	209600	25150000	209683	1.00040
53.00	52.50	66.60	210000	25150000	210083	1.00040
53.00	52.50	66.50	211100	25180000	210932	0.99921
53.00	52.50	66.40	210900	25160000	210900	1.00000
53.00	52.50	66.30	211500	25140000	211668	1.00080
53.00	52.50	66.20	211800	25120000	212137	1.00159
53.00	52.50	66.10	212500	25160000	212500	1.00000
53.00	52.50	66.00	213100	25150000	213185	1.00040
53.00	52.50	65.90	213300	25140000	213470	1.00080
53.00	52.50	65.80	214200	25160000	214200	1.00000
53.00	52.50	65.70	214600	25150000	214685	1.00040
53.00	52.50	65.60	215200	25140000	215371	1.00080
53.00	52.50	65.50	215200	25120000	215543	1.00159
53.00	52.50	65.40	216200	25130000	216458	1.00119
53.00	52.50	65.30	216700	25130000	216959	1.00119
53.00	52.50	65.20	217100	25130000	217359	1.00119
53.00	52.50	65.10	217300	25060000	218167	1.00399
53.00	52.50	65.00	218200	25110000	218634	1.00199
53.00	52.50	64.90	218700	25090000	219310	1.00279
53.00	52.50	64.80	219800	25160000	219800	1.00000
53.00	52.50	64.70	219900	25120000	220250	1.00159
53.00	52.50	64.60	220600	25130000	220863	1.00119
53.00	52.50	64.50	221500	25140000	221676	1.00080
53.00	52.50	64.40	221800	25100000	222330	1.00239
53.00	52.50	64.30	222400	25120000	222754	1.00159
53.00	52.50	64.20	223300	25140000	223478	1.00080
53.00	52.50	64.10	224300	25200000	223944	0.99841
53.00	52.50	64.00	224900	25180000	224721	0.99921
53.00	52.50	63.90	225000	25110000	225448	1.00199
53.00	52.50	63.80	225700	25130000	225969	1.00119
53.00	52.50	63.70	226800	25170000	226710	0.99960
53.00	52.50	63.60	227800	25210000	227348	0.99802
53.00	52.50	63.50	228200	25180000	228019	0.99921
53.00	52.50	63.40	228300	25120000	228664	1.00159
53.00	52.50	63.30	229100	25120000	229465	1.00159
53.00	52.50	63.20	230100	25170000	230009	0.99960
53.00	52.50	63.10	230700	25130000	230975	1.00119
53.00	52.50	63.00	232000	25210000	231540	0.99802
53.00	52.50	62.90	232500	25190000	232223	0.99881
53.00	52.50	62.80	233300	25170000	233207	0.99960
53.00	52.50	62.70	233400	25140000	233586	1.00080
53.00	52.50	62.60	234700	25180000	234514	0.99921
53.00	52.50	62.50	234800	25130000	235080	1.00119
53.00	52.50	62.40	236100	25150000	236194	1.00040
53.00	52.50	62.30	237100	25170000	237006	0.99960
53.00	52.50	62.20	237600	25140000	237789	1.00080
53.00	52.50	62.10	238400	25150000	238495	1.00040
53.00	52.50	62.00	239400	25170000	239305	0.99960
53.00	52.50	61.90	240200	25170000	240105	0.99960
53.00	52.50	61.80	241100	25160000	241100	1.00000
53.00	52.50	61.70	241800	25160000	241800	1.00000
53.00	52.50	61.60	242500	25130000	242789	1.00119
53.00	52.50	61.50	243700	25170000	243603	0.99960
53.00	52.50	61.40	244000	25110000	244486	1.00199
53.00	52.50	61.30	245300	25140000	245495	1.00080
53.00	52.50	61.20	245900	25110000	246390	1.00199
53.00	52.50	61.10	247400	25160000	247400	1.00000
53.00	52.50	61.00	248300	25150000	248399	1.00040
53.00	52.50	60.90	249300	25180000	249102	0.99921
53.00	52.50	60.80	250600	25200000	250202	0.99841
53.00	52.50	60.70	252500	25270000	251401	0.99565
53.00	52.50	60.60	252000	25170000	251900	0.99960
53.00	52.50	60.50	253300	25180000	253099	0.99921
53.00	52.50	60.40	254800	25210000	254295	0.99802
53.00	52.50	60.30	255100	25140000	255303	1.00080
53.00	52.50	60.20	256900	25220000	256289	0.99762
53.00	52.50	60.10	257200	25140000	257405	1.00080
53.00	52.50	60.00	257900	25100000	258516	1.00239
53.00	52.50	59.90	259000	25110000	259516	1.00199
53.00	52.50	59.80	260700	25150000	260804	1.00040
53.00	52.50	59.70	261700	25160000	261700	1.00000
53.00	52.50	59.60	262400	25090000	263132	1.00279
53.00	52.50	59.50	264000	25140000	264210	1.00080
53.00	52.50	59.40	265400	25160000	265400	1.00000
53.00	52.50	59.30	266300	25130000	266618	1.00119
53.00	52.50	59.20	267800	25190000	267481	0.99881
53.00	52.50	59.10	268700	25140000	268914	1.00080
53.00	52.50	59.00	270700	25170000	270592	0.99960
53.00	52.50	58.90	271300	25130000	271624	1.00119
53.00	52.50	58.80	272700	25150000	272808	1.00040
53.00	52.50	58.70	274100	25130000	274427	1.00119
53.00	52.50	58.60	275700	25150000	275810	1.00040
53.00	52.50	58.50	277000	25160000	277000	1.00000
53.00	52.50	58.40	278500	25150000	278611	1.00040
53.00	52.50	58.30	280200	25180000	279977	0.99921
53.00	52.50	58.20	280600	25110000	281159	1.00199
53.00	52.50	58.10	283300	25200000	282850	0.99841
53.00	52.50	58.00	284800	25170000	284687	0.99960
53.00	52.50	57.90	286300	25160000	286300	1.00000
53.00	52.50	57.80	288400	25230000	287600	0.99723
53.00	52.50	57.70	289700	25190000	289355	0.99881
53.00	52.50	57.60	291400	25180000	291169	0.99921
53.00	52.50	57.50	292700	25160000	292700	1.00000
53.00	52.50	57.40	295000	25180000	294766	0.99921
53.00	52.50	57.30	296600	25180000	296364	0.99921
53.00	52.50	57.20	298200	25170000	298082	0.99960
53.00	52.50	57.10	299600	25130000	299958	1.00119
53.00	52.50	57.00	302100	25160000	302100	1.00000
53.00	52.50	56.90	303100	25090000	303946	1.00279
53.00	52.50	56.80	305500	25130000	305865	1.00119
53.00	52.50	56.70	308500	25210000	307888	0.99802
53.00	52.50	56.60	310600	25200000	310107	0.99841
53.00	52.50	56.50	312300	25150000	312424	1.00040
53.00	52.50	56.40	315300	25200000	314800	0.99841
53.00	52.50	56.30	316100	25090000	316982	1.00279
53.00	52.50	56.20	319900	25200000	319392	0.99841
53.00	52.50	56.10	321900	25160000	321900	1.00000
53.00	52.50	56.00	324500	25170000	324371	0.99960
53.00	52.50	55.90	327300	25200000	326780	0.99841
53.00	52.50	55.80	329100	25140000	329362	1.00080
53.00	52.50	55.70	332200	25170000	332068	0.99960
53.00	52.50	55.60	334100	25100000	334899	1.00239
53.00	52.50	55.50	338000	25180000	337732	0.99921
53.00	52.50	55.40	340900	25160000	340900	1.00000
53.00	52.50	55.30	343700	25150000	343837	1.00040
53.00	52.50	55.20	347000	25160000	347000	1.00000
53.00	52.50	55.10	350100	25150000	350239	1.00040
53.00	52.50	55.00	353000	25130000	353421	1.00119
53.00	52.50	54.90	357400	25190000	356974	0.99881
53.00	52.50	54.80	360700	25170000	360557	0.99960
53.00	52.50	54.70	363900	25130000	364334	1.00119
53.00	52.50	54.60	367000	25070000	368318	1.00359
53.00	52.50	54.50	372800	25180000	372504	0.99921
53.00	52.50	54.40	376000	25130000	376449	1.00119
53.00	52.50	54.30	380500	25130000	380954	1.00119
53.00	52.50	54.20	386200	25200000	385587	0.99841
53.00	52.50	54.10	390400	25180000	390090	0.99921
53.00	52.50	54.00	395800	25210000	395015	0.99802
53.00	52.50	53.90	400500	25170000	400341	0.99960
53.00	52.50	53.80	405100	25130000	405584	1.00119
53.00	52.50	53.70	411500	25160000	411500	1.00000
53.00	52.50	53.60	417300	25150000	417466	1.00040
53.00	52.50	53.50	424400	25210000	423558	0.99802
53.00	52.50	53.40	430300	25160000	430300	1.00000
53.00	52.50	53.30	436500	25110000	437369	1.00199
53.00	52.50	53.20	445500	25210000	444616	0.99802
53.00	52.50	53.10	453600	25210000	452700	0.99802
53.00	52.50	53.00	462000	25190000	461450	0.99881
53.00	52.50	52.90	471100	25180000	470726	0.99921
53.00	52.50	52.80	481400	25210000	480445	0.99802
53.00	52.50	52.70	490800	25140000	491190	1.00080
53.00	52.50	52.60	501500	25100000	502699	1.00239
53.00	52.50	52.50	515200	25140000	515610	1.00080
53.00	52.50	52.40	529600	25170000	529390	0.99960
53.00	52.50	52.30	543800	25160000	543800	1.00000
53.00	52.50	52.20	559500	25150000	559722	1.00040
53.00	52.50	52.10	576700	25170000	576471	0.99960
53.00	52.50	52.00	594600	25180000	594128	0.99921
53.00	52.50	51.90	614800	25260000	612366	0.99604
53.00	52.50	51.80	630300	25140000	630801	1.00080
53.00	52.50	51.70	649400	25200000	648369	0.99841
53.00	52.50	51.60	667900	25260000	665256	0.99604
53.00	52.50	51.50	678200	25090000	680092	1.00279
53.00	52.50	51.40	691400	25140000	691950	1.00080
53.00	52.50	51.30	699100	25120000	700213	1.00159
53.00	52.50	51.20	704600	25180000	704040	0.99921
53.00	52.50	51.10	701200	25150000	701479	1.00040
53.00	52.50	51.00	693000	25130000	693827	1.00119
53.00	52.50	50.90	679000	25170000	678730	0.99960
53.00	52.50	50.80	658300	25150000	658562	1.00040
53.00	52.50	50.70	628400	25020000	631916	1.00560
53.00	52.50	50.60	598600	25150000	598838	1.00040
53.00	52.50	50.50	561300	25190000	560632	0.99881
53.00	52.50	50.40	518200	25150000	518406	1.00040
53.00	52.50	50.30	473200	25170000	473012	0.99960
53.00	52.50	50.20	426000	25160000	426000	1.00000
53.00	52.50	50.10	378300	25230000	377250	0.99723
53.00	52.50	50.00	330000	25200000	329476	0.99841
53.00	52.50	49.90	283200	25140000	283425	1.00080
53.00	52.50	49.80	239600	25140000	239791	1.00080
53.00	52.50	49.70	198900	25040000	199853	1.00479
53.00	52.50	49.60	163200	25090000	163655	1.00279
53.00	52.50	49.50	131000	25150000	131052	1.00040
53.00	52.50	49.40	103000	25120000	103164	1.00159
53.00	52.50	49.30	79250	25110000	79408	1.00199
53.00	52.50	49.20	60180	25170000	60156	0.99960
53.00	52.50	49.10	44370	25140000	44405	1.00080
53.00	52.50	49.00	32220	25250000	32105	0.99644
53.00	52.50	48.90	22580	25200000	22544	0.99841
53.00	52.50	48.80	15510	25160000	15510	1.00000
53.00	52.50	48.70	10460	25090000	10489	1.00279
53.00	52.50	48.60	6890	25160000	6890	1.00000
53.00	52.50	48.50	4390	25150000	4392	1.00040
53.00	52.50	48.40	2710	25070000	2720	1.00359
53.00	52.50	48.30	1630	25180000	1629	0.99921
53.00	52.50	48.20	970	25210000	968	0.99802
53.00	52.50	48.10	540	25200000	539	0.99841
53.00	52.50	48.00	320	25110000	321	1.00199
53.00	52.50	47.90	180	25170000	180	0.99960
53.00	52.50	47.80	120	25000000	121	1.00640
53.00	52.50	47.70	80	25110000	80	1.00199
53.00	52.50	47.60	50	25150000	50	1.00040
53.00	52.50	47.50	40	25120000	40	1.00159
53.00	52.50	47.40	40	25100000	40	1.00239
53.00	52.50	47.30	30	25170000	30	0.99960
53.00	52.50	47.20	30	25080000	30	1.00319
53.00	52.50	47.10	30	25100000	30	1.00239
53.00	52.50	47.00	30	25160000	30	1.00000
