This file was created by CODIAN@move
Mittwoch, 22. August 2007		22:17

Profile mode:	1-D-Scan    Z
Timebase Counter [ms]:	500
No. of Steps:	501
Pos. X	Pos.Y	Pos. Z	Probe	Reference	norm. Probe	norm. Factor
88.30	64.80	60.00	430	548	430	1.00000
88.30	64.80	59.90	429	547	430	1.00183
88.30	64.80	59.80	430	550	428	0.99636
88.30	64.80	59.70	429	550	427	0.99636
88.30	64.80	59.60	428	547	429	1.00183
88.30	64.80	59.50	430	549	429	0.99818
88.30	64.80	59.40	427	547	428	1.00183
88.30	64.80	59.30	430	550	428	0.99636
88.30	64.80	59.20	430	550	428	0.99636
88.30	64.80	59.10	429	549	428	0.99818
88.30	64.80	59.00	430	549	429	0.99818
88.30	64.80	58.90	428	549	427	0.99818
88.30	64.80	58.80	428	549	427	0.99818
88.30	64.80	58.70	429	548	429	1.00000
88.30	64.80	58.60	429	549	428	0.99818
88.30	64.80	58.50	427	550	425	0.99636
88.30	64.80	58.40	431	549	430	0.99818
88.30	64.80	58.30	433	548	433	1.00000
88.30	64.80	58.20	434	549	433	0.99818
88.30	64.80	58.10	433	548	433	1.00000
88.30	64.80	58.00	435	550	433	0.99636
88.30	64.80	57.90	435	551	433	0.99456
88.30	64.80	57.80	435	549	434	0.99818
88.30	64.80	57.70	435	549	434	0.99818
88.30	64.80	57.60	435	549	434	0.99818
88.30	64.80	57.50	435	547	436	1.00183
88.30	64.80	57.40	436	548	436	1.00000
88.30	64.80	57.30	438	548	438	1.00000
88.30	64.80	57.20	439	549	438	0.99818
88.30	64.80	57.10	438	548	438	1.00000
88.30	64.80	57.00	440	548	440	1.00000
88.30	64.80	56.90	439	549	438	0.99818
88.30	64.80	56.80	439	549	438	0.99818
88.30	64.80	56.70	440	548	440	1.00000
88.30	64.80	56.60	440	549	439	0.99818
88.30	64.80	56.50	441	549	440	0.99818
88.30	64.80	56.40	442	549	441	0.99818
88.30	64.80	56.30	443	549	442	0.99818
88.30	64.80	56.20	445	551	443	0.99456
88.30	64.80	56.10	444	549	443	0.99818
88.30	64.80	56.00	443	548	443	1.00000
88.30	64.80	55.90	444	549	443	0.99818
88.30	64.80	55.80	444	548	444	1.00000
88.30	64.80	55.70	443	548	443	1.00000
88.30	64.80	55.60	443	547	444	1.00183
88.30	64.80	55.50	444	548	444	1.00000
88.30	64.80	55.40	447	550	445	0.99636
88.30	64.80	55.30	441	547	442	1.00183
88.30	64.80	55.20	445	547	446	1.00183
88.30	64.80	55.10	448	549	447	0.99818
88.30	64.80	55.00	446	546	448	1.00366
88.30	64.80	54.90	450	549	449	0.99818
88.30	64.80	54.80	451	550	449	0.99636
88.30	64.80	54.70	450	549	449	0.99818
88.30	64.80	54.60	447	545	449	1.00550
88.30	64.80	54.50	452	548	452	1.00000
88.30	64.80	54.40	451	547	452	1.00183
88.30	64.80	54.30	451	547	452	1.00183
88.30	64.80	54.20	454	549	453	0.99818
88.30	64.80	54.10	456	551	454	0.99456
88.30	64.80	54.00	454	547	455	1.00183
88.30	64.80	53.90	454	549	453	0.99818
88.30	64.80	53.80	454	550	452	0.99636
88.30	64.80	53.70	453	548	453	1.00000
88.30	64.80	53.60	454	547	455	1.00183
88.30	64.80	53.50	452	545	454	1.00550
88.30	64.80	53.40	458	549	457	0.99818
88.30	64.80	53.30	457	549	456	0.99818
88.30	64.80	53.20	455	546	457	1.00366
88.30	64.80	53.10	455	546	457	1.00366
88.30	64.80	53.00	456	547	457	1.00183
88.30	64.80	52.90	458	548	458	1.00000
88.30	64.80	52.80	460	549	459	0.99818
88.30	64.80	52.70	459	547	460	1.00183
88.30	64.80	52.60	460	546	462	1.00366
88.30	64.80	52.50	461	549	460	0.99818
88.30	64.80	52.40	459	546	461	1.00366
88.30	64.80	52.30	463	550	461	0.99636
88.30	64.80	52.20	460	547	461	1.00183
88.30	64.80	52.10	461	547	462	1.00183
88.30	64.80	52.00	463	547	464	1.00183
88.30	64.80	51.90	466	550	464	0.99636
88.30	64.80	51.80	464	548	464	1.00000
88.30	64.80	51.70	464	547	465	1.00183
88.30	64.80	51.60	465	547	466	1.00183
88.30	64.80	51.50	467	550	465	0.99636
88.30	64.80	51.40	463	548	463	1.00000
88.30	64.80	51.30	468	549	467	0.99818
88.30	64.80	51.20	467	547	468	1.00183
88.30	64.80	51.10	467	547	468	1.00183
88.30	64.80	51.00	471	551	468	0.99456
88.30	64.80	50.90	466	548	466	1.00000
88.30	64.80	50.80	470	548	470	1.00000
88.30	64.80	50.70	469	547	470	1.00183
88.30	64.80	50.60	470	546	472	1.00366
88.30	64.80	50.50	470	547	471	1.00183
88.30	64.80	50.40	473	548	473	1.00000
88.30	64.80	50.30	473	549	472	0.99818
88.30	64.80	50.20	471	549	470	0.99818
88.30	64.80	50.10	470	546	472	1.00366
88.30	64.80	50.00	475	549	474	0.99818
88.30	64.80	49.90	476	550	474	0.99636
88.30	64.80	49.80	476	549	475	0.99818
88.30	64.80	49.70	477	549	476	0.99818
88.30	64.80	49.60	477	548	477	1.00000
88.30	64.80	49.50	469	543	473	1.00921
88.30	64.80	49.40	479	549	478	0.99818
88.30	64.80	49.30	480	550	478	0.99636
88.30	64.80	49.20	478	548	478	1.00000
88.30	64.80	49.10	476	546	478	1.00366
88.30	64.80	49.00	481	550	479	0.99636
88.30	64.80	48.90	480	550	478	0.99636
88.30	64.80	48.80	477	548	477	1.00000
88.30	64.80	48.70	473	543	477	1.00921
88.30	64.80	48.60	474	543	478	1.00921
88.30	64.80	48.50	480	547	481	1.00183
88.30	64.80	48.40	483	550	481	0.99636
88.30	64.80	48.30	482	549	481	0.99818
88.30	64.80	48.20	485	549	484	0.99818
88.30	64.80	48.10	482	547	483	1.00183
88.30	64.80	48.00	487	549	486	0.99818
88.30	64.80	47.90	487	548	487	1.00000
88.30	64.80	47.80	487	548	487	1.00000
88.30	64.80	47.70	487	548	487	1.00000
88.30	64.80	47.60	485	545	488	1.00550
88.30	64.80	47.50	484	545	487	1.00550
88.30	64.80	47.40	489	548	489	1.00000
88.30	64.80	47.30	483	545	486	1.00550
88.30	64.80	47.20	486	546	488	1.00366
88.30	64.80	47.10	490	549	489	0.99818
88.30	64.80	47.00	486	546	488	1.00366
88.30	64.80	46.90	489	546	491	1.00366
88.30	64.80	46.80	493	550	491	0.99636
88.30	64.80	46.70	493	549	492	0.99818
88.30	64.80	46.60	494	549	493	0.99818
88.30	64.80	46.50	490	546	492	1.00366
88.30	64.80	46.40	495	548	495	1.00000
88.30	64.80	46.30	487	544	491	1.00735
88.30	64.80	46.20	486	543	490	1.00921
88.30	64.80	46.10	492	545	495	1.00550
88.30	64.80	46.00	495	551	492	0.99456
88.30	64.80	45.90	496	549	495	0.99818
88.30	64.80	45.80	496	548	496	1.00000
88.30	64.80	45.70	495	547	496	1.00183
88.30	64.80	45.60	498	547	499	1.00183
88.30	64.80	45.50	500	549	499	0.99818
88.30	64.80	45.40	504	549	503	0.99818
88.30	64.80	45.30	503	550	501	0.99636
88.30	64.80	45.20	499	547	500	1.00183
88.30	64.80	45.10	503	548	503	1.00000
88.30	64.80	45.00	500	546	502	1.00366
88.30	64.80	44.90	503	547	504	1.00183
88.30	64.80	44.80	500	546	502	1.00366
88.30	64.80	44.70	504	547	505	1.00183
88.30	64.80	44.60	508	549	507	0.99818
88.30	64.80	44.50	510	550	508	0.99636
88.30	64.80	44.40	506	546	508	1.00366
88.30	64.80	44.30	508	547	509	1.00183
88.30	64.80	44.20	510	547	511	1.00183
88.30	64.80	44.10	509	547	510	1.00183
88.30	64.80	44.00	512	549	511	0.99818
88.30	64.80	43.90	512	549	511	0.99818
88.30	64.80	43.80	514	551	511	0.99456
88.30	64.80	43.70	511	549	510	0.99818
88.30	64.80	43.60	504	545	507	1.00550
88.30	64.80	43.50	513	548	513	1.00000
88.30	64.80	43.40	513	547	514	1.00183
88.30	64.80	43.30	509	546	511	1.00366
88.30	64.80	43.20	512	546	514	1.00366
88.30	64.80	43.10	511	546	513	1.00366
88.30	64.80	43.00	511	546	513	1.00366
88.30	64.80	42.90	514	548	514	1.00000
88.30	64.80	42.80	518	547	519	1.00183
88.30	64.80	42.70	521	551	518	0.99456
88.30	64.80	42.60	515	545	518	1.00550
88.30	64.80	42.50	522	549	521	0.99818
88.30	64.80	42.40	520	547	521	1.00183
88.30	64.80	42.30	523	549	522	0.99818
88.30	64.80	42.20	520	547	521	1.00183
88.30	64.80	42.10	520	546	522	1.00366
88.30	64.80	42.00	520	546	522	1.00366
88.30	64.80	41.90	523	545	526	1.00550
88.30	64.80	41.80	528	548	528	1.00000
88.30	64.80	41.70	524	547	525	1.00183
88.30	64.80	41.60	524	547	525	1.00183
88.30	64.80	41.50	528	549	527	0.99818
88.30	64.80	41.40	526	549	525	0.99818
88.30	64.80	41.30	524	544	528	1.00735
88.30	64.80	41.20	519	545	522	1.00550
88.30	64.80	41.10	524	545	527	1.00550
88.30	64.80	41.00	522	547	523	1.00183
88.30	64.80	40.90	519	542	525	1.01107
88.30	64.80	40.80	527	545	530	1.00550
88.30	64.80	40.70	526	546	528	1.00366
88.30	64.80	40.60	527	545	530	1.00550
88.30	64.80	40.50	533	548	533	1.00000
88.30	64.80	40.40	526	546	528	1.00366
88.30	64.80	40.30	531	544	535	1.00735
88.30	64.80	40.20	529	545	532	1.00550
88.30	64.80	40.10	538	547	539	1.00183
88.30	64.80	40.00	524	542	530	1.01107
88.30	64.80	39.90	537	547	538	1.00183
88.30	64.80	39.80	534	547	535	1.00183
88.30	64.80	39.70	530	544	534	1.00735
88.30	64.80	39.60	540	548	540	1.00000
88.30	64.80	39.50	527	542	533	1.01107
88.30	64.80	39.40	545	549	544	0.99818
88.30	64.80	39.30	540	546	542	1.00366
88.30	64.80	39.20	539	545	542	1.00550
88.30	64.80	39.10	550	550	548	0.99636
88.30	64.80	39.00	552	551	549	0.99456
88.30	64.80	38.90	550	547	551	1.00183
88.30	64.80	38.80	551	548	551	1.00000
88.30	64.80	38.70	545	546	547	1.00366
88.30	64.80	38.60	550	547	551	1.00183
88.30	64.80	38.50	550	547	551	1.00183
88.30	64.80	38.40	550	544	554	1.00735
88.30	64.80	38.30	558	549	557	0.99818
88.30	64.80	38.20	558	550	556	0.99636
88.30	64.80	38.10	550	544	554	1.00735
88.30	64.80	38.00	556	547	557	1.00183
88.30	64.80	37.90	553	546	555	1.00366
88.30	64.80	37.80	557	545	560	1.00550
88.30	64.80	37.70	559	548	559	1.00000
88.30	64.80	37.60	552	542	558	1.01107
88.30	64.80	37.50	556	546	558	1.00366
88.30	64.80	37.40	541	541	548	1.01294
88.30	64.80	37.30	560	546	562	1.00366
88.30	64.80	37.20	571	552	567	0.99275
88.30	64.80	37.10	565	550	563	0.99636
88.30	64.80	37.00	568	549	567	0.99818
88.30	64.80	36.90	566	549	565	0.99818
88.30	64.80	36.80	562	544	566	1.00735
88.30	64.80	36.70	565	546	567	1.00366
88.30	64.80	36.60	568	546	570	1.00366
88.30	64.80	36.50	568	547	569	1.00183
88.30	64.80	36.40	567	547	568	1.00183
88.30	64.80	36.30	564	544	568	1.00735
88.30	64.80	36.20	566	544	570	1.00735
88.30	64.80	36.10	572	547	573	1.00183
88.30	64.80	36.00	577	548	577	1.00000
88.30	64.80	35.90	579	550	577	0.99636
88.30	64.80	35.80	577	546	579	1.00366
88.30	64.80	35.70	573	545	576	1.00550
88.30	64.80	35.60	568	541	575	1.01294
88.30	64.80	35.50	576	546	578	1.00366
88.30	64.80	35.40	579	545	582	1.00550
88.30	64.80	35.30	579	548	579	1.00000
88.30	64.80	35.20	584	549	583	0.99818
88.30	64.80	35.10	584	548	584	1.00000
88.30	64.80	35.00	578	545	581	1.00550
88.30	64.80	34.90	585	548	585	1.00000
88.30	64.80	34.80	564	539	573	1.01670
88.30	64.80	34.70	563	539	572	1.01670
88.30	64.80	34.60	576	542	582	1.01107
88.30	64.80	34.50	569	542	575	1.01107
88.30	64.80	34.40	568	542	574	1.01107
88.30	64.80	34.30	569	542	575	1.01107
88.30	64.80	34.20	569	541	576	1.01294
88.30	64.80	34.10	569	542	575	1.01107
88.30	64.80	34.00	573	545	576	1.00550
88.30	64.80	33.90	579	541	586	1.01294
88.30	64.80	33.80	586	544	590	1.00735
88.30	64.80	33.70	597	546	599	1.00366
88.30	64.80	33.60	599	548	599	1.00000
88.30	64.80	33.50	589	542	596	1.01107
88.30	64.80	33.40	593	542	600	1.01107
88.30	64.80	33.30	592	543	597	1.00921
88.30	64.80	33.20	597	544	601	1.00735
88.30	64.80	33.10	605	547	606	1.00183
88.30	64.80	33.00	601	546	603	1.00366
88.30	64.80	32.90	587	541	595	1.01294
88.30	64.80	32.80	588	542	595	1.01107
88.30	64.80	32.70	591	542	598	1.01107
88.30	64.80	32.60	595	541	603	1.01294
88.30	64.80	32.50	588	540	597	1.01481
88.30	64.80	32.40	597	540	606	1.01481
88.30	64.80	32.30	595	544	599	1.00735
88.30	64.80	32.20	593	540	602	1.01481
88.30	64.80	32.10	596	541	604	1.01294
88.30	64.80	32.00	594	543	599	1.00921
88.30	64.80	31.90	599	540	608	1.01481
88.30	64.80	31.80	611	540	620	1.01481
88.30	64.80	31.70	616	542	623	1.01107
88.30	64.80	31.60	622	544	627	1.00735
88.30	64.80	31.50	626	545	629	1.00550
88.30	64.80	31.40	622	541	630	1.01294
88.30	64.80	31.30	624	541	632	1.01294
88.30	64.80	31.20	622	542	629	1.01107
88.30	64.80	31.10	622	541	630	1.01294
88.30	64.80	31.00	620	541	628	1.01294
88.30	64.80	30.90	617	541	625	1.01294
88.30	64.80	30.80	630	542	637	1.01107
88.30	64.80	30.70	646	549	645	0.99818
88.30	64.80	30.60	629	544	634	1.00735
88.30	64.80	30.50	630	542	637	1.01107
88.30	64.80	30.40	640	545	644	1.00550
88.30	64.80	30.30	634	541	642	1.01294
88.30	64.80	30.20	632	543	638	1.00921
88.30	64.80	30.10	628	544	633	1.00735
88.30	64.80	30.00	632	543	638	1.00921
88.30	64.80	29.90	642	541	650	1.01294
88.30	64.80	29.80	636	541	644	1.01294
88.30	64.80	29.70	634	541	642	1.01294
88.30	64.80	29.60	639	548	639	1.00000
88.30	64.80	29.50	639	548	639	1.00000
88.30	64.80	29.40	631	540	640	1.01481
88.30	64.80	29.30	640	541	648	1.01294
88.30	64.80	29.20	646	538	658	1.01859
88.30	64.80	29.10	653	541	661	1.01294
88.30	64.80	29.00	654	540	664	1.01481
88.30	64.80	28.90	651	540	661	1.01481
88.30	64.80	28.80	657	544	662	1.00735
88.30	64.80	28.70	659	544	664	1.00735
88.30	64.80	28.60	659	542	666	1.01107
88.30	64.80	28.50	662	538	674	1.01859
88.30	64.80	28.40	676	540	686	1.01481
88.30	64.80	28.30	678	543	684	1.00921
88.30	64.80	28.20	681	543	687	1.00921
88.30	64.80	28.10	683	545	687	1.00550
88.30	64.80	28.00	683	542	691	1.01107
88.30	64.80	27.90	675	542	682	1.01107
88.30	64.80	27.80	673	542	680	1.01107
88.30	64.80	27.70	679	545	683	1.00550
88.30	64.80	27.60	682	541	691	1.01294
88.30	64.80	27.50	682	543	688	1.00921
88.30	64.80	27.40	686	541	695	1.01294
88.30	64.80	27.30	689	543	695	1.00921
88.30	64.80	27.20	694	544	699	1.00735
88.30	64.80	27.10	693	543	699	1.00921
88.30	64.80	27.00	692	545	696	1.00550
88.30	64.80	26.90	697	545	701	1.00550
88.30	64.80	26.80	692	541	701	1.01294
88.30	64.80	26.70	697	542	705	1.01107
88.30	64.80	26.60	699	540	709	1.01481
88.30	64.80	26.50	706	539	718	1.01670
88.30	64.80	26.40	713	545	717	1.00550
88.30	64.80	26.30	710	542	718	1.01107
88.30	64.80	26.20	713	541	722	1.01294
88.30	64.80	26.10	716	540	727	1.01481
88.30	64.80	26.00	720	537	735	1.02048
88.30	64.80	25.90	735	541	745	1.01294
88.30	64.80	25.80	738	544	743	1.00735
88.30	64.80	25.70	737	540	748	1.01481
88.30	64.80	25.60	740	543	747	1.00921
88.30	64.80	25.50	743	541	753	1.01294
88.30	64.80	25.40	746	542	754	1.01107
88.30	64.80	25.30	750	543	757	1.00921
88.30	64.80	25.20	746	542	754	1.01107
88.30	64.80	25.10	753	540	764	1.01481
88.30	64.80	25.00	759	545	763	1.00550
88.30	64.80	24.90	766	549	765	0.99818
88.30	64.80	24.80	758	541	768	1.01294
88.30	64.80	24.70	767	543	774	1.00921
88.30	64.80	24.60	767	542	775	1.01107
88.30	64.80	24.50	768	539	781	1.01670
88.30	64.80	24.40	778	537	794	1.02048
88.30	64.80	24.30	788	547	789	1.00183
88.30	64.80	24.20	783	536	801	1.02239
88.30	64.80	24.10	794	538	809	1.01859
88.30	64.80	24.00	801	542	810	1.01107
88.30	64.80	23.90	805	539	818	1.01670
88.30	64.80	23.80	808	541	818	1.01294
88.30	64.80	23.70	815	544	821	1.00735
88.30	64.80	23.60	820	545	825	1.00550
88.30	64.80	23.50	819	542	828	1.01107
88.30	64.80	23.40	826	541	837	1.01294
88.30	64.80	23.30	835	540	847	1.01481
88.30	64.80	23.20	855	543	863	1.00921
88.30	64.80	23.10	854	543	862	1.00921
88.30	64.80	23.00	854	544	860	1.00735
88.30	64.80	22.90	852	540	865	1.01481
88.30	64.80	22.80	862	538	878	1.01859
88.30	64.80	22.70	870	540	883	1.01481
88.30	64.80	22.60	878	542	888	1.01107
88.30	64.80	22.50	879	543	887	1.00921
88.30	64.80	22.40	886	541	897	1.01294
88.30	64.80	22.30	896	549	894	0.99818
88.30	64.80	22.20	891	539	906	1.01670
88.30	64.80	22.10	908	542	918	1.01107
88.30	64.80	22.00	915	545	920	1.00550
88.30	64.80	21.90	920	545	925	1.00550
88.30	64.80	21.80	921	542	931	1.01107
88.30	64.80	21.70	928	539	943	1.01670
88.30	64.80	21.60	940	540	954	1.01481
88.30	64.80	21.50	966	540	980	1.01481
88.30	64.80	21.40	993	545	998	1.00550
88.30	64.80	21.30	991	543	1000	1.00921
88.30	64.80	21.20	995	543	1004	1.00921
88.30	64.80	21.10	991	544	998	1.00735
88.30	64.80	21.00	996	543	1005	1.00921
88.30	64.80	20.90	1015	541	1028	1.01294
88.30	64.80	20.80	1030	541	1043	1.01294
88.30	64.80	20.70	1037	542	1048	1.01107
88.30	64.80	20.60	1046	543	1056	1.00921
88.30	64.80	20.50	1060	544	1068	1.00735
88.30	64.80	20.40	1074	542	1086	1.01107
88.30	64.80	20.30	1082	540	1098	1.01481
88.30	64.80	20.20	1093	544	1101	1.00735
88.30	64.80	20.10	1114	539	1133	1.01670
88.30	64.80	20.00	1134	543	1144	1.00921
88.30	64.80	19.90	1152	544	1160	1.00735
88.30	64.80	19.80	1183	545	1190	1.00550
88.30	64.80	19.70	1216	548	1216	1.00000
88.30	64.80	19.60	1202	543	1213	1.00921
88.30	64.80	19.50	1230	541	1246	1.01294
88.30	64.80	19.40	1238	543	1249	1.00921
88.30	64.80	19.30	1250	545	1257	1.00550
88.30	64.80	19.20	1262	542	1276	1.01107
88.30	64.80	19.10	1295	543	1307	1.00921
88.30	64.80	19.00	1317	545	1324	1.00550
88.30	64.80	18.90	1338	545	1345	1.00550
88.30	64.80	18.80	1365	544	1375	1.00735
88.30	64.80	18.70	1408	541	1426	1.01294
88.30	64.80	18.60	1435	543	1448	1.00921
88.30	64.80	18.50	1490	543	1504	1.00921
88.30	64.80	18.40	1517	541	1537	1.01294
88.30	64.80	18.30	1561	544	1572	1.00735
88.30	64.80	18.20	1607	544	1619	1.00735
88.30	64.80	18.10	1662	543	1677	1.00921
88.30	64.80	18.00	1710	542	1729	1.01107
88.30	64.80	17.90	1763	543	1779	1.00921
88.30	64.80	17.80	1821	542	1841	1.01107
88.30	64.80	17.70	1897	543	1914	1.00921
88.30	64.80	17.60	1934	542	1955	1.01107
88.30	64.80	17.50	1988	541	2014	1.01294
88.30	64.80	17.40	2026	542	2048	1.01107
88.30	64.80	17.30	2054	541	2081	1.01294
88.30	64.80	17.20	2082	540	2113	1.01481
88.30	64.80	17.10	2060	542	2083	1.01107
88.30	64.80	17.00	2027	545	2038	1.00550
88.30	64.80	16.90	1975	542	1997	1.01107
88.30	64.80	16.80	1895	538	1930	1.01859
88.30	64.80	16.70	1830	539	1861	1.01670
88.30	64.80	16.60	1729	541	1751	1.01294
88.30	64.80	16.50	1602	541	1623	1.01294
88.30	64.80	16.40	1464	542	1480	1.01107
88.30	64.80	16.30	1315	544	1325	1.00735
88.30	64.80	16.20	1166	543	1177	1.00921
88.30	64.80	16.10	1016	541	1029	1.01294
88.30	64.80	16.00	873	546	876	1.00366
88.30	64.80	15.90	728	546	731	1.00366
88.30	64.80	15.80	600	540	609	1.01481
88.30	64.80	15.70	487	542	492	1.01107
88.30	64.80	15.60	384	542	388	1.01107
88.30	64.80	15.50	297	544	299	1.00735
88.30	64.80	15.40	225	543	227	1.00921
88.30	64.80	15.30	165	539	168	1.01670
88.30	64.80	15.20	118	542	119	1.01107
88.30	64.80	15.10	81	539	82	1.01670
88.30	64.80	15.00	53	543	53	1.00921
88.30	64.80	14.90	32	542	32	1.01107
88.30	64.80	14.80	17	544	17	1.00735
88.30	64.80	14.70	6	541	6	1.01294
88.30	64.80	14.60	0	538	0	1.01859
88.30	64.80	14.50	0	542	0	1.01107
88.30	64.80	14.40	5	539	5	1.01670
88.30	64.80	14.30	7	542	7	1.01107
88.30	64.80	14.20	8	537	8	1.02048
88.30	64.80	14.10	8	544	8	1.00735
88.30	64.80	14.00	9	543	9	1.00921
88.30	64.80	13.90	9	539	9	1.01670
88.30	64.80	13.80	9	537	9	1.02048
88.30	64.80	13.70	9	540	9	1.01481
88.30	64.80	13.60	9	544	9	1.00735
88.30	64.80	13.50	9	543	9	1.00921
88.30	64.80	13.40	9	541	9	1.01294
88.30	64.80	13.30	9	539	9	1.01670
88.30	64.80	13.20	10	537	10	1.02048
88.30	64.80	13.10	10	544	10	1.00735
88.30	64.80	13.00	10	541	10	1.01294
88.30	64.80	12.90	10	543	10	1.00921
